variant_id,stop_id
805593,1603
805593,1497
809456,1868
813989,1704
813989,149
813990,148
813990,1705
817725,2276
817725,3415
817726,3421
817726,2275
817727,2276
817727,3415
819314,1897
819332,1496
819332,1604
819411,1603
819411,1497
819451,1868
822075,4747
822075,4460
822075,4114
822075,4457
822075,3410
823809,403
823809,3256
824704,539
824704,527
824706,3272
824706,539
824706,527
825610,2871
826015,376
826015,1817
826017,4492
826017,4745
826017,4429
826017,4479
826017,4633
826017,271
826017,3757
826027,4747
826027,4462
826027,4678
826027,4480
826027,4710
826027,4114
826027,4457
826027,3410
826155,1239
826155,281
826155,403
826155,2341
826155,1816
826155,4878
826155,4880
826263,3895
826276,3895
826277,3895
826277,3144
826280,4652
826281,4652
826312,4652
826312,637
826342,3514
826342,396
826357,864
826357,3890
826357,3518
826357,3106
826439,1160
826439,824
826439,651
826449,604
826449,708
826449,711
826449,3420
826536,4652
826585,3782
826585,378
826657,1160
826687,1233
826687,3105
826687,509
826907,1495
827212,3891
827212,3139
827212,4878
827212,4880
827213,4876
827213,4875
827213,4874
827213,4878
827213,864
827774,1819
827792,1901
827792,604
827792,708
827792,711
827792,3420
827793,3415
827793,2828
827793,707
827793,603
827793,1900
827793,4892
827796,1901
827796,604
827796,708
827796,711
827796,3422
827797,3884
827797,3415
827797,2828
827797,707
827797,603
827797,1900
827797,4892
827833,1901
827833,604
827833,708
827833,711
827833,3420
827837,603
827837,1900
827861,603
827866,1901
827866,613
827866,3895
827885,2342
828289,148
828289,1705
828290,148
828290,1705
828295,148
828296,148
828296,1705
828297,148
828297,1705
828298,153
828298,148
828300,153
828300,148
828300,1705
828301,1704
828301,149
828301,153
828367,2342
828508,638
828511,637
828663,4288
828663,4300
828663,4754
828663,4285
828663,4283
828663,1217
828663,357
828663,2527
828723,760
828723,1230
828723,2711
828723,3419
828723,2935
828723,2375
828833,4255
828833,2934
828833,2781
828833,3415
828835,1093
828835,4254
828835,4566
828835,3608
828835,4432
828835,3415
828835,2828
828835,707
828835,603
828839,2255
828839,4660
828839,4566
828839,3608
828839,4432
828839,3415
828839,2828
828839,707
828839,603
828886,4553
828886,2934
828886,2781
828886,3415
828888,3420
828888,2782
828888,4566
828889,3420
828889,2782
828889,3641
828889,4254
828890,3420
828890,2782
828890,3641
828890,3621
828890,1092
828895,4566
828895,2934
828895,2781
828895,3415
828896,4254
828896,2934
828896,2781
828896,3415
828897,2934
828897,2781
828897,3415
828898,2255
828898,2934
828898,2781
828898,3415
828899,1093
828899,4254
828899,2934
828899,2781
828899,3415
828903,1093
828903,4254
828903,4566
828903,3608
828903,4432
828903,3415
828903,2828
828903,707
828903,603
828905,4254
828905,4566
828905,3608
828905,4432
828905,3415
828905,2828
828905,707
828905,603
828906,4566
828906,3608
828906,4432
828906,3415
828906,2828
828906,707
828906,603
828929,2255
828929,4660
828929,4566
828929,3608
828929,4432
828929,3415
828929,2828
828929,707
828929,603
828931,1092
828931,2255
828931,4660
828931,4566
828931,3608
828931,4432
828931,3415
828931,2828
828931,707
828931,603
828934,3689
828934,2255
828934,4660
828934,4566
828934,3608
828934,4432
828934,3415
828934,2828
828934,707
828934,603
828938,3598
828938,4590
828938,2506
828938,3415
828939,3419
828939,4591
828939,3599
828948,3600
828948,1086
828948,3632
828948,4254
828948,4566
829014,4652
829014,1892
829014,603
829014,1900
829023,639
829023,3899
829027,3415
829027,2828
829028,1248
829028,711
829028,3420
829035,935
829035,707
829035,611
829036,2594
829036,934
829042,1230
829042,3421
829042,707
829042,613
829042,637
829043,639
829043,3899
829046,1901
829050,4652
829050,1892
829050,603
829050,1900
829051,1892
829051,603
829051,1900
829053,4652
829061,708
829061,711
829061,3422
829067,4429
829067,4464
829067,4457
829067,3410
829069,812
829069,3861
829069,4458
829069,4115
829069,4709
829069,4481
829069,4678
829069,4461
829069,4746
829069,4711
829073,4496
829073,4490
829073,4745
829073,4429
829073,4464
829073,4457
829073,3410
829078,616
829078,1248
829078,708
829078,711
829078,3419
829078,2279
829078,4591
829078,3599
829078,3597
829078,3604
829078,3601
829078,4528
829078,3720
829079,3720
829079,4529
829079,3600
829079,3603
829079,3596
829079,3598
829079,4590
829079,2506
829079,3415
829079,2828
829079,707
829079,1819
829080,616
829080,1248
829080,708
829080,711
829080,3419
829080,2279
829080,4591
829080,3599
829080,3597
829080,3604
829080,1086
829080,3632
829080,3621
829080,1092
829081,3689
829081,3736
829081,1093
829081,4254
829081,3617
829081,3603
829081,3596
829081,3598
829081,4590
829081,2506
829081,3415
829081,2828
829081,707
829081,1819
829098,4254
829098,4566
829098,3608
829098,4432
829098,3415
829098,2828
829098,707
829098,603
829100,616
829100,1248
829100,708
829100,711
829100,3419
829100,2279
829100,4591
829100,3599
829100,3597
829100,3604
829100,3616
829100,3601
829100,4528
829100,3720
829101,616
829101,1248
829101,708
829101,711
829101,3419
829101,2279
829101,4591
829101,3599
829101,3597
829101,3604
829101,1086
829101,4555
829101,4554
829101,3601
829101,4528
829101,3720
829103,616
829103,1248
829103,708
829103,711
829103,3419
829103,2279
829103,4591
829103,3599
829103,3597
829103,3604
829103,1086
829103,4555
829103,4554
829103,3601
829103,4528
829103,3720
829104,708
829104,711
829104,3419
829104,2279
829104,4591
829104,3599
829104,3597
829104,3604
829104,3616
829104,3601
829104,4528
829104,3720
829106,3720
829106,4529
829106,3600
829106,3616
829106,3603
829106,3596
829106,3598
829106,4590
829106,2506
829106,3415
829106,2828
829106,707
829106,1819
829107,3720
829107,4529
829107,3600
829107,3603
829107,3596
829107,3598
829107,4590
829107,2506
829107,3415
829107,2828
829107,707
829108,3720
829108,4529
829108,3600
829108,3603
829108,3596
829108,3598
829108,4590
829108,2506
829108,3415
829108,2828
829108,707
829109,3601
829109,4529
829109,3600
829109,3603
829109,3596
829109,3598
829109,4590
829109,2506
829109,3415
829109,2828
829109,707
829109,1819
829110,616
829110,1248
829110,708
829110,711
829110,3419
829110,2279
829110,4591
829110,3599
829110,3597
829110,3604
829110,3616
829110,1086
829110,3632
829110,3621
829110,1092
829111,616
829111,1248
829111,708
829111,711
829111,3419
829111,2279
829111,4591
829111,3599
829111,3597
829111,3604
829111,1086
829115,616
829115,1248
829115,708
829115,711
829115,3419
829115,2279
829115,4591
829115,3599
829115,3597
829115,3604
829115,1086
829115,4555
829115,3629
829116,616
829116,1248
829116,708
829116,711
829116,3419
829116,2279
829116,4591
829116,3599
829116,3597
829116,3604
829116,1086
829116,4555
829116,3629
829117,616
829117,1248
829117,708
829117,711
829117,3419
829117,2279
829117,4591
829117,3599
829117,3597
829117,3604
829117,1086
829117,3632
829117,4254
829119,708
829119,711
829119,3419
829119,2279
829119,4591
829119,3599
829119,3597
829119,3604
829119,1086
829119,4555
829119,3629
829122,3628
829122,4554
829122,3617
829122,3603
829122,3596
829122,3598
829122,4590
829122,2506
829122,3415
829122,2828
829122,707
829122,1819
829179,3421
829179,2275
829184,153
829184,148
829184,1705
829190,378
829190,3890
829190,480
829190,2955
829190,3134
829191,3134
829191,481
829191,3891
829191,2341
829200,3134
829200,481
829200,3891
829200,2342
829244,616
829244,1248
829244,708
829244,711
829244,3419
829244,2279
829244,4591
829244,3599
829244,3597
829244,3604
829244,3601
829244,3664
829244,3635
829245,708
829245,711
829245,3419
829245,2279
829245,4591
829245,3599
829245,3597
829245,3604
829245,3601
829245,3664
829245,3635
829247,1200
829247,3662
829247,3600
829247,3603
829247,3596
829247,3598
829247,4590
829247,2506
829247,3415
829247,2828
829247,707
829330,1188
829330,711
829330,3421
829330,2305
829331,1188
829331,711
829331,3421
829331,2305
829340,2172
829350,2172
829350,675
829351,637
829351,2172
829351,675
829356,1160
829356,639
829356,3899
829356,1892
829356,604
829356,934
829356,567
829357,568
829357,1189
829357,935
829357,707
829357,613
829357,4652
829357,637
829357,644
829357,1329
829357,665
829359,1160
829359,639
829359,3899
829359,1892
829359,604
829359,934
829359,1034
829359,1701
829359,567
829361,1160
829361,639
829361,3899
829361,1892
829361,604
829361,934
829361,2117
829361,567
829370,639
829370,3899
829370,1892
829370,604
829370,934
829378,1248
829378,708
829378,711
829378,3421
829378,2305
829378,728
829419,2899
829419,55
829419,2274
829419,2304
829419,3415
829419,2828
829419,707
829419,626
829492,4652
829492,637
829492,668
829492,2172
829512,3900
829512,2527
829539,639
829539,3899
829539,1248
829539,708
829539,711
829539,3421
829539,2305
829559,3422
829711,1093
829711,4254
829711,4566
829711,3608
829711,4432
829711,3415
829713,1092
829713,2255
829713,4660
829713,4566
829713,3608
829713,4432
829713,3415
829713,2828
829713,707
829713,603
829752,3412
829752,1306
829752,2863
829752,3900
829752,2527
829762,1901
829762,613
829762,3895
829765,3891
829765,3139
829765,4878
829765,4880
829765,4876
829765,4875
829765,4874
829773,1239
829773,281
829773,403
829773,2341
829773,1816
829773,4878
829773,4880
829773,4876
829773,4875
829773,4874
829828,2919
829828,2528
829828,3901
829864,494
829869,281
829869,403
829869,378
829871,3895
829876,812
829876,403
829879,4876
829879,4875
829879,4874
829879,4878
829879,864
829903,927
829928,539
829928,527
829942,3134
829942,481
829942,3891
829942,2341
829943,378
829943,3890
829968,1680
829968,4250
829968,1614
829968,2817
829968,1496
829968,1604
829970,1398
829970,3522
829970,1418
829970,2033
829970,1628
830170,639
830170,3899
830174,2528
830174,3901
830174,2855
830174,1174
830174,3416
830174,116
830208,546
830208,613
830208,637
830209,3526
830209,546
830209,613
830209,637
830268,3415
830268,2828
830268,1819
830268,1330
830268,3517
830269,1819
830269,1330
830269,3517
830270,1819
830270,1330
830285,509
830285,3526
830285,2953
830285,546
830285,4893
830292,3899
830292,604
830292,708
830292,711
830292,3421
830292,2305
830292,2871
830336,4876
830336,4875
830336,4874
830336,4878
830336,864
830336,3512
830345,4652
830345,637
830361,4652
830370,4652
830370,637
830446,509
830446,3526
830446,2953
830446,841
830446,2029
830446,1313
830446,1248
830446,2594
830446,934
830447,935
830447,707
830447,611
830447,1819
830447,1312
830447,2028
830447,1330
830447,3517
830447,508
830447,3102
830462,1230
830462,3415
830462,2828
830462,707
830462,1819
830462,1312
830462,2028
830462,1330
830462,3517
830462,508
830542,33
830542,4663
830542,538
830543,539
830543,4664
830543,838
830592,1496
830592,1604
830704,1002
830706,1215
830706,481
830734,1897
830736,1680
830736,4250
830736,1614
830736,2817
830737,1396
830737,2034
830737,1417
830737,3521
830737,1397
830781,378
830781,3890
830781,480
830781,2955
830781,3134
830782,378
830782,3890
830782,480
830782,2955
830782,3134
830784,378
830784,3890
830784,480
830784,2955
830784,3134
830926,3899
830926,1819
830926,2815
830926,317
830926,281
830926,3934
830950,3899
830950,1819
830950,2815
830950,317
830950,281
830950,3934
830954,3933
830954,2863
830954,316
830954,2816
830954,613
830954,4652
830971,636
830971,818
830971,3517
830971,508
830971,3106
830971,3514
830996,3891
830996,3139
830996,4878
830996,4880
830996,4876
830996,4875
830996,4874
830996,4880
831014,1160
831014,824
831014,651
831014,3517
831014,508
831014,3106
831014,3514
831014,3901
831016,1160
831016,824
831016,651
831016,3517
831016,508
831070,1398
831070,3522
831070,1418
831070,2031
831070,1868
831151,378
831151,3890
831151,480
831151,2955
831151,3134
831155,2341
831155,375
831155,4413
831176,3899
831176,1819
831176,2815
831176,317
831176,281
831176,3934
831202,2031
831202,1897
831272,3420
831272,2782
831272,4566
831272,4256
831272,2115
831273,1901
831273,604
831273,708
831273,711
831273,3422
831273,4431
831273,4523
831273,3641
831273,3027
831273,4659
831273,2254
831292,1901
831292,604
831292,708
831292,711
831292,3422
831292,4431
831292,4523
831292,4566
831296,3420
831296,2782
831296,4566
831296,2115
831298,1901
831298,604
831298,708
831298,711
831298,3422
831298,4431
831298,4523
831298,3641
831298,3027
831298,4659
831298,2254
831334,1603
831334,1497
831334,2818
831334,1534
831334,1418
831334,2033
831334,1628
831463,1897
831463,2032
831463,4250
831463,2817
831655,3134
831655,481
831655,3891
831655,2341
831657,3134
831856,2274
831856,3415
831856,2828
831856,603
831856,4892
831856,1330
831856,2815
831969,2479
831969,115
831970,665
831973,1160
832054,91
832054,798
832054,994
832090,1751
832090,2032
832090,1596
832090,5179
832090,2355
832247,304
832247,2531
832247,5167
832247,5155
832521,3598
832521,4590
832521,2506
832521,3421
832521,2305
832521,2871
832521,3652
832521,3646
832521,3036
832521,1979
832521,3669
832521,1702
832521,3706
832521,3588
832521,3666
832521,3722
832533,3421
832533,2305
832533,2871
832533,3652
832533,3646
832533,3645
832533,3722
832537,3598
832537,4590
832537,2506
832537,3421
832537,2305
832537,2871
832537,3652
832537,3646
832537,3036
832537,1731
832537,3037
832537,3645
832537,3722
832941,812
832941,3861
832941,4458
832941,4463
832943,812
832943,3861
832943,4458
832943,4463
832943,4707
832943,4744
832943,4493
832943,4497
832945,812
832945,3861
832945,4458
832945,4115
832945,4709
832945,4481
832945,4678
832945,4461
832945,4746
832947,3758
832947,1149
832947,4634
832947,4478
832947,4707
832947,4744
832986,667
832986,636
832988,636
833000,818
833000,964
833000,4381
833035,818
833035,4381
833057,636
833057,818
833057,3517
833057,508
833057,3106
833057,3514
833077,2528
833077,2036
833077,353
833077,4284
833077,4286
833077,4291
833077,4301
833077,4276
833077,4275
833078,812
833078,3861
833078,4458
833078,4115
833078,4459
833078,4746
833081,33
833081,4663
833081,538
833102,1704
833102,72
833102,1125
833102,4804
833102,114
833128,83
833128,2482
833128,73
833193,3617
833193,3603
833193,3596
833193,3598
833193,4590
833193,2506
833193,3415
833193,2828
833193,707
833193,1819
833368,1704
833368,895
833395,1704
833395,895
833395,3870
833434,509
833434,3526
833434,841
833434,2029
833434,1313
833434,637
833434,3833
833435,1312
833435,2028
833435,3517
833435,508
833435,3102
833441,642
833441,636
833441,1312
833441,1176
833441,4517
833441,4893
833441,1901
833441,604
833441,605
833441,708
833441,711
833441,3421
833442,3415
833442,2828
833442,707
833442,606
833442,603
833442,1900
833442,4892
833442,1289
833442,2029
833442,1313
833442,637
833442,668
833442,2172
833442,675
833443,1901
833443,604
833443,708
833443,711
833443,3421
833443,2305
833443,2871
833451,637
833451,1165
833451,668
833451,2172
833451,675
833451,5110
833466,2899
833466,55
833466,1945
833466,2274
833466,2304
833466,3415
833466,2828
833466,707
833474,509
833474,3526
833474,841
833474,2029
833474,1313
833474,637
833475,1312
833475,2028
833475,3517
833475,508
833475,3102
833476,509
833476,3526
833476,841
833476,2029
833476,1313
833476,637
833486,3422
833487,642
833487,636
833487,1312
833487,1176
833487,4893
833487,1901
833487,604
833487,605
833487,708
833487,711
833487,3421
833489,642
833489,636
833489,1312
833489,1176
833489,4517
833502,5109
833543,115
833543,1139
833543,981
833543,799
833543,1025
833553,642
833553,636
833553,1312
833553,1176
833553,4517
833553,4893
833553,1901
833553,604
833553,605
833553,708
833553,711
833553,3421
833568,1398
833568,1541
833568,1579
833568,1868
833625,1398
833625,1541
833625,1579
833625,1868
833770,3420
833770,2782
833770,3641
833771,3420
833771,2782
833771,3641
833771,2254
833888,1901
833888,604
833888,708
833888,711
833888,3420
833888,2488
833965,1704
833965,149
834051,116
834051,788
834056,568
834056,2117
834056,1189
834056,935
834056,707
834056,613
834056,4652
834056,637
834056,644
834056,1329
834056,665
834058,568
834058,1034
834058,1701
834058,1189
834058,935
834058,707
834058,613
834058,4652
834058,637
834058,644
834058,1329
834058,665
834323,148
834323,1705
834326,1705
834333,148
834336,153
834336,148
834375,1704
834375,895
834383,1704
834383,895
834383,3976
834414,4125
834414,4137
834414,4122
834414,3906
834414,3514
834414,3519
834420,636
834420,818
834420,3517
834420,508
834420,3106
834420,3514
834420,1000
834420,2342
834421,864
834421,3890
834421,3518
834421,3106
834421,509
834421,3526
834421,2816
834421,1782
834421,638
834422,864
834422,3890
834422,3518
834422,3106
834422,509
834422,3526
834422,2816
834422,1782
834422,638
834426,3890
834426,3518
834426,3106
834426,509
834426,3526
834426,2816
834426,650
834426,665
834436,4376
834436,4125
834436,4137
834436,4122
834436,3906
834436,3514
834436,3519
834438,2955
834438,3134
834445,26
834445,1330
834445,3517
834461,864
834461,3890
834461,3518
834461,3106
834461,509
834461,3526
834461,2816
834461,1782
834461,638
834462,509
834462,3526
834462,2816
834462,1782
834462,638
834463,864
834463,3890
834463,3518
834463,3106
834463,509
834463,3526
834463,2816
834463,1782
834463,638
834464,509
834464,3526
834464,2816
834464,1782
834464,638
834468,509
834468,3526
834472,509
834472,3526
834472,547
834473,3890
834473,3518
834473,3106
834473,509
834473,3526
834473,2816
834473,650
834473,665
834474,1233
834474,3105
834474,509
834474,3526
834474,547
834475,509
834475,3526
834475,547
834477,1330
834477,5123
834485,212
834485,2479
834485,115
834486,788
834486,211
834487,5167
834487,5155
834487,115
834488,3762
834488,5154
834497,788
834499,788
834499,211
834499,952
834501,242
834501,212
834501,2479
834503,3762
834503,5154
834503,5160
834503,952
834504,3762
834504,5160
834506,5167
834506,5155
834506,115
834507,242
834507,5167
834507,5155
834507,115
834508,242
834508,5167
834508,5155
834508,115
834508,3136
834514,788
834514,5154
834514,240
834514,1330
834514,3517
834514,508
834515,3906
834515,3104
834515,3526
834515,547
834515,242
834515,5155
834515,2479
834717,103
834717,3762
834717,5154
834765,1901
834765,604
834765,708
834765,711
834765,3422
834765,4431
834765,4523
834765,3641
834765,3621
834765,1092
834771,604
834771,708
834771,711
834771,3422
834771,4431
834771,4523
834771,3641
834771,3621
834771,1092
834789,3667
834789,3586
834816,1901
834816,604
834816,708
834816,711
834816,3422
834816,4431
834816,4523
834816,3641
834816,4254
834822,3628
834822,4554
834822,3617
834822,3603
834822,3596
834822,3598
834822,4590
834822,2506
834822,3415
834834,3421
834834,2305
834834,2871
834834,3652
834834,3646
834834,3036
834834,1979
834834,3669
834834,1702
834834,3706
834834,3588
834834,3666
834834,3722
834853,4700
834853,3537
834853,638
834853,4646
834906,992
834906,1705
834915,74
834915,1025
834916,74
834916,1025
834917,74
834917,1025
834918,992
834968,3667
834968,3707
834968,1703
834968,3668
834968,1731
834968,3037
834968,3647
834968,3653
834968,2899
834968,2274
834968,3419
834968,4591
834968,3599
834969,567
834969,2113
834969,4255
834969,3641
834969,4254
834969,3619
834969,1085
834969,3600
834970,3600
834970,1086
834970,3618
834970,4254
834970,4566
834970,4256
834970,2113
834970,568
834970,575
834971,3667
834971,3707
834971,1703
834971,3668
834971,1731
834971,3037
834971,3647
834971,3653
834971,2899
834971,2274
834971,3415
834972,3721
834972,3644
834972,3036
834972,1731
834972,3037
834972,3647
834972,3653
834972,2899
834972,2274
834972,3415
834973,3721
834973,3644
834973,3036
834973,1731
834973,3037
834973,3647
834973,3653
834973,2899
834973,2274
834973,3419
834973,4591
834973,3599
834974,567
834974,2113
834974,4255
834974,4566
834975,4566
834975,4256
834975,2113
834975,568
834975,575
834982,153
834982,148
834982,1705
834987,1705
834991,992
835002,3977
835002,992
835002,1705
835003,3977
835003,992
835003,1705
835005,3977
835005,992
835005,1705
835006,3977
835006,992
835006,1705
835007,3977
835007,992
835007,1705
835026,1151
835026,494
835026,2815
835026,3518
835026,3102
835026,509
835026,3526
835026,841
835026,2029
835026,1313
835026,1248
835026,708
835026,711
835026,3422
835089,1151
835089,494
835089,2815
835089,3518
835119,4876
835119,4875
835119,4874
835119,4878
835119,864
835119,3890
835119,3526
835119,547
835120,4876
835120,4875
835120,4874
835120,4878
835120,864
835120,3890
835120,3526
835120,547
835205,153
835205,148
835205,1705
835209,1705
835210,1705
835211,992
835211,1705
835214,3871
835214,992
835214,1705
835215,3871
835215,992
835215,1705
835237,5288
835237,1791
835237,4634
835237,4478
835237,4707
835237,4467
835242,4747
835242,4429
835242,4479
835242,3235
835242,1865
835242,5274
835243,4429
835243,4479
835243,3235
835243,1865
835243,5274
835251,567
835251,2113
835251,4255
835251,3641
835251,4254
835252,3794
835252,4137
835252,5224
835252,5223
835252,5220
835252,5219
835253,5218
835253,5221
835253,5222
835253,4051
835253,4123
835253,3795
835260,1160
835260,212
835260,2479
835260,115
835261,116
835261,788
835261,1142
835261,665
835262,4570
835262,5296
835263,5297
835263,4571
835263,869
835266,667
835266,636
835267,3517
835267,3518
835267,1218
835267,3894
835267,4138
835267,4123
835269,4652
835269,637
835269,666
835269,212
835269,5296
835269,271
835269,281
835269,812
835271,242
835271,1813
835271,212
835271,3547
835271,5288
835272,5274
835272,1759
835272,211
835272,240
835276,396
835276,3890
835276,304
835276,2855
835276,5296
835276,1759
835276,3416
835277,3218
835277,788
835277,5154
835277,5160
835277,240
835277,30
835277,305
835277,3900
835278,3901
835278,304
835278,2531
835278,5167
835278,5155
835278,2479
835278,3217
835279,2274
835279,3415
835279,2828
835279,707
835279,1819
835279,1289
835279,2028
835279,5167
835279,5155
835279,212
835279,3547
835280,1759
835280,1142
835280,5154
835280,5162
835280,1176
835280,1178
835280,1248
835280,708
835280,711
835280,3421
835280,2305
835280,728
835281,637
835281,666
835281,212
835281,195
835281,179
835282,180
835282,1142
835282,824
835282,638
835283,4652
835283,636
835283,818
835283,242
835283,5296
835283,271
835284,1149
835284,5297
835284,240
835284,1782
835284,639
835284,3899
835289,2528
835289,481
835289,3891
835289,3933
835289,3182
835289,2855
835289,1174
835289,1142
835289,2172
835289,675
835289,5108
835290,5109
835290,212
835290,1306
835290,281
835290,1962
835290,3934
835290,3890
835290,480
835290,2527
835291,636
835291,818
835291,964
835291,4381
835291,493
835291,494
835291,3900
835292,3901
835292,952
835292,815
835292,1782
835292,638
835296,4894
835296,4570
835296,5296
835297,5297
835297,4571
835297,869
835297,4626
835298,891
835298,3547
835298,5288
835298,271
835298,2863
835299,284
835299,2861
835299,1149
835299,1865
835299,5274
835299,1759
835299,1251
835300,3526
835300,2816
835300,4570
835300,5296
835301,5297
835301,4571
835301,3517
835302,2899
835302,55
835302,1945
835302,2274
835302,2304
835302,3415
835302,2828
835302,707
835302,603
835302,4892
835302,1330
835302,3517
835302,508
835302,3102
835302,3514
835302,2861
835302,1149
835302,5274
835303,5288
835303,271
835303,2863
835303,3518
835303,3102
835303,509
835303,3526
835303,2953
835303,546
835303,4893
835303,604
835303,708
835303,711
835303,3421
835303,2273
835303,2305
835303,1945
835303,2871
835306,4652
835306,1819
835306,1330
835306,3517
835306,508
835306,3102
835306,3514
835306,1154
835306,5296
835306,1759
835306,15
835316,378
835318,2342
835330,115
835330,1139
835330,981
835330,799
835330,1025
835332,91
835332,798
835332,994
835333,788
835333,211
835335,2479
835335,115
835336,3762
835337,115
835338,115
835338,3136
835339,3762
835340,212
835340,2479
835340,115
835341,116
835341,788
835341,1142
835342,212
835342,2479
835342,115
835343,116
835343,788
835344,4571
835344,869
835344,5123
835344,3517
835345,4571
835345,869
835345,5123
835345,3517
835347,3526
835347,4626
835347,4570
835348,5296
835353,271
835353,281
835353,3782
835353,378
835361,5296
835361,271
835361,281
835361,3782
835361,378
835362,5296
835362,271
835362,281
835362,378
835363,5296
835363,271
835363,281
835363,3782
835363,378
835363,1153
835364,5296
835364,271
835364,281
835364,378
835364,1153
835367,5296
835367,271
835367,281
835369,4376
835369,4125
835369,4137
835369,4122
835369,3906
835369,3514
835369,3519
835369,547
835370,4125
835370,4137
835370,4122
835370,3906
835370,3514
835370,3519
835370,547
835371,3517
835371,3518
835371,1218
835371,3894
835371,4138
835371,4123
835372,3517
835372,3518
835372,1218
835372,3894
835372,4138
835372,4123
835372,4375
835376,1329
835376,665
835377,666
835377,212
835377,5296
835377,271
835377,281
835377,812
835379,4652
835379,637
835379,666
835379,212
835379,5296
835379,271
835380,666
835380,212
835380,5296
835380,271
835381,666
835381,212
835381,5296
835381,271
835385,666
835385,212
835385,5296
835385,271
835385,281
835385,812
835386,639
835386,3895
835387,603
835387,1900
835387,4892
835390,212
835390,3547
835390,5288
835392,3547
835392,5288
835393,5274
835393,1759
835393,211
835393,240
835394,5274
835394,1759
835394,211
835394,240
835397,5274
835397,1759
835397,1142
835404,5296
835406,396
835406,3890
835406,304
835406,2855
835406,5296
835406,1759
835406,3416
835407,396
835407,3890
835407,304
835407,2855
835409,396
835409,3890
835409,304
835409,2855
835410,3890
835410,304
835410,2855
835411,3890
835411,304
835412,1151
835412,305
835412,3891
835412,1002
835417,1151
835417,305
835417,3891
835418,1151
835418,305
835418,3891
835419,1151
835419,305
835419,3891
835420,788
835420,5154
835420,5160
835420,240
835420,30
835420,305
835420,3900
835423,3901
835424,2479
835424,3217
835425,2479
835425,3217
835426,788
835427,5154
835427,5160
835427,240
835427,30
835427,305
835427,3900
835430,3218
835430,788
835431,3901
835431,304
835431,2531
835431,5167
835431,5155
835436,3547
835438,1759
835438,1142
835440,1759
835440,1142
835441,5167
835441,5155
835441,212
835441,3547
835442,728
835443,637
835443,666
835443,212
835443,195
835443,179
835444,180
835444,1142
835444,824
835444,638
835445,4652
835445,636
835445,818
835445,242
835445,5296
835445,271
835445,4706
835448,636
835448,242
835448,5296
835448,271
835449,636
835449,242
835449,5296
835449,271
835450,1149
835450,5297
835450,240
835450,1782
835452,3134
835452,481
835452,3891
835452,2341
835457,5296
835460,2528
835460,3901
835460,2855
835460,1174
835461,2528
835461,3901
835461,2855
835461,1174
835462,3131
835463,1306
835463,2863
835463,3900
835463,2527
835464,1266
835464,3412
835464,1306
835464,2863
835464,3900
835464,2527
835473,2855
835473,1174
835473,1142
835473,2172
835473,675
835473,5108
835474,2528
835474,481
835474,3891
835474,3933
835474,2855
835474,1174
835474,1142
835475,212
835475,1306
835475,281
835475,1962
835475,3934
835475,3890
835475,480
835475,2527
835476,212
835476,1306
835476,281
835477,3901
835477,952
835477,815
835477,1782
835477,638
835480,3901
835480,281
835481,636
835481,818
835481,964
835481,4381
835481,493
835481,494
835481,3900
835482,3901
835482,952
835482,815
835482,1782
835482,638
835491,5296
835495,5296
835495,271
835495,2863
835498,5297
835498,4571
835498,3517
835498,3518
835499,3514
835499,3526
835499,2816
835499,4570
835499,5296
835501,5274
835502,5288
835502,271
835502,2863
835502,3518
835502,3102
835503,1149
835503,5274
835504,2861
835504,4706
835504,1149
835504,5274
835506,2855
835506,1142
835507,1759
835507,116
835508,1759
835508,116
835508,788
835509,1759
835509,1142
835513,1138
835513,3412
835513,211
835513,240
835515,26
835515,1330
835515,3517
835515,508
835515,3104
835515,3514
835515,242
835515,212
835515,2579
835515,3416
835521,788
835521,2554
835525,3514
835525,1154
835525,5296
835525,1759
835525,15
835529,864
835530,864
835530,3901
835535,2855
835535,205
835539,2855
835540,3183
835540,2855
835546,4876
835546,4875
835546,4874
835546,4878
835546,1817
835546,2342
835546,1963
835546,2855
835546,1142
835552,666
835552,5296
835552,271
835552,281
835552,403
835552,378
835556,4876
835556,4875
835556,4878
835556,1817
835556,2342
835556,1963
835556,2855
835569,4492
835569,4429
835569,4479
835569,3235
835569,1865
835569,5274
835588,2838
835588,3476
835588,74
835588,1025
835589,2838
835589,3476
835589,74
835589,1025
835611,1629
835611,1433
835611,2034
835611,1417
835611,3521
835611,1397
835623,3908
835623,1548
835623,4897
835623,1868
835626,2356
835626,5180
835626,1616
835626,3520
835626,1397
835626,3907
835627,3908
835627,1398
835627,3522
835627,1615
835627,5179
835627,2355
835630,2356
835630,1501
835630,1580
835630,1544
835630,1397
835630,3907
835631,3908
835631,1398
835631,1541
835631,1581
835631,1502
835631,2355
835641,1573
835641,1501
835641,1580
835641,1419
835641,1547
835679,3908
835681,1396
835681,2034
835681,1417
835681,3521
835681,1397
835681,3902
835682,1398
835682,3522
835682,1418
835682,2031
835847,1573
835847,1501
835847,1580
835847,1419
835847,1547
835847,2536
835850,1419
835850,1547
835850,2536
835859,83
835859,2482
835859,73
835859,3467
835859,2839
835860,2838
835860,3476
835860,74
835860,1025
835861,153
835861,148
835861,1705
835862,2838
835862,3476
835862,74
835862,1025
835863,74
835863,1025
835864,3871
835864,992
835868,3977
835868,992
835868,1705
835869,518
835869,436
835869,3134
835872,3526
835872,546
835872,1248
835872,711
835872,3420
835878,3412
835878,3547
835878,5297
835878,1151
835878,305
835878,3891
835878,1002
835881,3182
835881,2861
835881,1149
835881,1865
835881,5297
835881,1142
835881,824
835881,639
835881,3895
835899,16
835899,198
835899,3547
835899,5297
835899,1151
835899,494
835899,3518
835900,2816
835900,952
835900,1782
835908,5297
835908,1142
835916,1901
835916,604
835916,708
835916,711
835916,3420
835916,2488
835917,604
835917,708
835917,711
835917,3420
835917,2488
835922,3412
835922,3547
835922,5297
835922,1151
835922,305
835922,3891
835922,1002
835925,647
835925,639
835925,3899
835925,1248
835925,708
835925,711
835925,3421
835925,2305
835926,647
835926,637
835929,1149
835929,1865
835929,5297
835929,1142
835929,824
835929,639
835929,3895
835934,2342
835934,1963
835934,3182
835934,2861
835934,1149
835934,5297
835934,1142
835934,824
835934,4562
835937,469
835937,2905
835937,435
835937,1011
835939,539
835939,527
835940,2899
835940,51
835940,2274
835940,3415
835940,2828
835940,707
835940,603
835940,4892
835942,636
835942,818
835942,3517
835942,508
835942,3106
835942,3514
835942,396
835943,1160
835943,824
835943,651
835943,3517
835943,508
835943,3106
835943,3514
835943,3901
835944,3899
835944,1819
835944,2815
835944,317
835944,281
835944,3934
835945,3899
835945,1819
835945,2815
835945,317
835945,281
835945,3934
835947,637
835947,668
835948,3517
835948,3518
835948,1218
835948,3894
835948,4138
835948,4123
835948,4375
835954,603
835956,284
835956,2861
835956,1149
835956,5297
835960,636
835960,818
835960,3517
835960,508
835960,3106
835961,1215
835961,481
835967,1160
835967,824
835967,651
835967,3517
835967,508
835967,3106
835967,3514
835967,3901
835968,650
835968,665
835970,3891
835970,3139
835970,4878
835970,4880
835986,1200
835986,3662
835986,3664
835986,1204
835986,4602
835986,3614
835986,3600
835986,3603
835986,3596
835986,3598
835986,4590
835986,2506
835986,3415
835986,2828
835986,707
835986,1819
835987,1200
835987,3662
835987,3664
835987,3635
835987,3614
835987,3600
835987,3603
835987,3596
835987,3598
835987,4590
835987,2506
835987,3415
835987,2828
835987,707
835988,1200
835988,3662
835988,3664
835988,1204
835988,3635
835988,3614
835988,3615
835988,4529
835988,3600
835988,3603
835988,3596
835988,3598
835988,4590
835988,2506
835988,3415
835988,2828
835988,707
835988,1819
835989,1200
835989,3662
835989,3600
835989,3616
835989,3603
835989,3596
835989,3598
835989,4590
835989,2506
835989,3415
835989,2828
835989,707
835989,1819
835990,616
835990,1248
835990,708
835990,711
835990,3419
835990,2279
835990,4591
835990,3599
835990,3597
835990,3604
835990,3601
835990,3663
835990,1083
835991,1200
835991,3662
835991,3600
835991,3603
835991,3596
835991,3598
835991,4590
835991,2506
835991,3415
835991,2828
835991,707
835991,1819
835994,2935
835994,2506
835994,3422
835994,2013
835995,2506
835995,3422
835995,2013
835995,761
835996,2506
835996,3422
835996,2013
836003,469
836003,5107
836003,3906
836003,3104
836003,3526
836003,547
836003,242
836003,5155
836003,2479
836007,2274
836007,3415
836007,2828
836019,3526
836019,546
836019,613
836020,3415
836020,2828
836020,613
836021,613
836022,3892
836022,1249
836022,3134
836024,1249
836024,3134
836025,469
836025,5107
836025,3906
836025,3104
836025,3526
836025,547
836025,242
836025,5155
836026,3134
836026,5107
836026,3906
836026,509
836026,3526
836026,547
836027,3134
836027,5107
836027,3906
836027,3104
836027,547
836027,242
836027,5155
836027,2479
836029,3415
836029,2828
836029,707
836029,602
836029,613
836030,1901
836030,602
836031,1901
836032,2899
836032,51
836032,2274
836032,3415
836032,2828
836032,707
836033,1901
836033,613
836034,5297
836035,2274
836035,3415
836035,2828
836035,707
836035,613
836036,1759
836036,1142
836036,1176
836036,613
836041,3884
836041,3415
836041,2828
836041,707
836042,3884
836042,3415
836042,2828
836042,707
836045,5297
836064,1542
836064,3523
836064,1419
836064,1547
836064,2536
836065,4573
836065,1580
836065,1419
836065,4897
836066,1635
836066,4685
836066,1544
836066,3523
836066,1418
836066,2031
836066,1495
836263,616
836263,1248
836263,708
836263,711
836263,3419
836263,2279
836263,4591
836263,3599
836263,3597
836263,3604
836263,3601
836263,3635
836263,3614
836263,3665
836263,3663
836263,1083
836264,708
836264,711
836264,3419
836264,2279
836264,4591
836264,3599
836264,3597
836264,3604
836264,3601
836264,3663
836264,1083
836265,547
836265,4570
836266,4571
836266,3518
836271,2274
836271,3415
836271,2828
836271,603
836271,4892
836271,1330
836271,2815
836271,3891
836271,2342
836272,1249
836272,27
836273,26
836273,5107
836275,1963
836275,2863
836275,316
836275,3518
836275,3892
836275,1249
836275,3134
836276,3134
836276,5107
836276,3514
836276,317
836276,281
836276,403
836281,2528
836281,481
836281,3103
836281,509
836281,3526
836281,546
836281,4895
836281,554
836282,824
836282,1164
836283,3933
836283,2863
836283,316
836283,2816
836283,613
836283,3895
836286,2815
836286,3891
836286,396
836286,2342
836287,603
836287,4892
836287,1330
836287,2815
836287,3891
836287,396
836287,2342
836288,378
836288,864
836288,327
836288,2816
836289,1963
836289,2863
836289,316
836289,3518
836289,3892
836289,1249
836289,3134
836290,4706
836290,1963
836290,2863
836290,316
836290,3518
836290,3892
836290,1249
836290,3134
836291,4706
836291,1963
836291,2863
836291,316
836291,3518
836291,3892
836291,1249
836291,3134
836294,3134
836294,5107
836294,3514
836294,317
836294,281
836294,403
836294,3256
836295,3134
836295,5107
836295,3514
836295,317
836295,281
836295,403
836295,4706
836296,3134
836296,5107
836296,3514
836296,317
836296,281
836296,403
836296,4706
836296,3256
836299,469
836299,5107
836299,3514
836299,317
836299,281
836299,403
836299,3256
836301,469
836301,5107
836301,3514
836301,317
836301,281
836301,403
836301,4706
836301,3256
836318,603
836318,1061
836318,554
836320,2528
836320,481
836320,3103
836320,509
836320,3526
836320,546
836320,4895
836320,554
836322,378
836322,864
836322,327
836322,2816
836322,546
836322,4893
836322,1901
836322,604
836322,711
836322,3421
836322,2305
836326,1751
836326,1868
836327,4896
836327,1470
836327,1420
836327,3521
836327,2820
836330,4898
836330,1547
836330,3524
836330,1541
836331,1497
836331,2818
836331,5310
836331,2031
836331,1897
836332,1603
836332,1497
836332,2818
836332,5310
836332,1868
836334,1573
836334,1501
836334,1580
836334,1616
836334,1419
836334,1471
836334,4899
836337,4896
836337,1420
836337,1581
836337,4572
836338,1578
836338,1544
836338,1407
836338,1532
836339,1497
836339,1531
836339,1408
836339,1542
836339,1579
836341,1573
836341,1501
836341,1387
836341,4685
836341,2817
836341,1531
836341,1408
836342,3908
836342,3524
836342,1541
836342,1581
836342,1502
836342,1572
836343,1751
836344,1396
836344,1750
836345,4896
836345,1470
836345,1420
836345,3521
836345,2820
836347,4896
836347,1473
836348,3522
836348,1419
836348,1471
836348,4899
836349,2033
836349,1472
836349,4899
836350,1548
836350,1420
836350,5310
836353,1534
836353,1581
836353,1502
836353,1572
836354,1534
836354,1547
836354,2536
836355,1542
836356,1751
836357,1541
836358,1750
836359,1531
836359,1408
836359,1542
836359,3523
836359,1548
836359,4899
836360,2818
836360,3523
836360,1548
836360,4899
836361,1548
836361,1420
836361,3521
836361,2820
836362,1548
836362,1420
836362,5310
836362,2031
836363,1542
836364,1532
836366,1541
836367,1531
836368,1497
836368,2818
836368,5310
836368,2031
836368,1495
836369,1497
836369,2818
836369,5310
836369,2031
836370,2818
836370,5310
836370,2031
836370,1897
836372,1497
836372,2818
836372,5310
836372,1868
836374,1603
836374,1497
836374,2818
836376,1496
836376,1604
836378,1629
836378,1433
836378,2031
836379,4896
836379,1473
836379,2031
836380,1573
836380,1501
836380,1580
836380,1616
836380,5310
836380,2031
836383,1897
836383,2034
836383,1417
836383,1533
836384,1532
836386,1531
836386,1408
836386,1542
836386,1418
836386,2031
836386,1897
836387,1531
836388,1629
836388,4896
836388,1420
836389,1629
836389,4896
836389,1420
836389,3521
836390,2356
836390,1501
836390,1580
836390,5310
836391,1581
836391,1502
836391,2355
836392,1419
836392,4897
836392,1628
836393,1534
836393,1581
836393,1502
836393,2355
836396,4573
836396,1580
836397,4896
836397,1420
836399,4573
836399,1580
836399,5310
836402,2741
836402,1581
836402,4572
836403,1419
836403,4897
836404,1497
836404,1531
836404,1408
836404,1542
836404,1579
836404,1396
836404,1897
836405,1897
836405,2496
836406,1578
836406,1544
836406,1407
836406,1532
836407,1497
836410,1680
836410,1578
836410,1544
836410,1407
836410,1532
836412,1680
836412,1578
836412,1565
836413,1897
836414,3908
836415,3902
836419,2356
836419,5180
836419,1533
836420,3908
836420,1398
836422,1534
836422,1615
836422,5179
836422,2355
836423,2356
836423,5180
836423,1578
836423,1565
836424,4898
836424,1547
836424,3524
836425,3523
836425,1548
836425,4899
836426,1579
836426,5179
836426,2355
836428,1573
836428,1501
836428,1387
836428,4685
836428,2817
836429,1407
836429,1532
836429,2818
836430,1573
836430,1501
836430,1387
836430,4685
836430,1534
836430,5310
836430,2031
836431,1596
836431,1581
836431,1502
836431,1572
836432,1578
836432,1565
836432,1531
836432,1408
836433,2820
836433,1531
836433,1408
836434,2820
836434,1531
836437,2356
836437,1501
836437,1580
836437,1565
836438,3908
836438,1398
836440,1564
836440,1581
836440,1502
836440,2355
836441,1573
836441,1501
836441,1580
836441,1544
836441,1397
836442,1573
836442,1501
836442,1580
836442,2031
836443,3908
836444,3908
836444,3524
836444,1541
836444,1579
836444,2031
836446,1398
836446,1541
836446,1581
836446,1502
836446,1572
836447,1578
836447,1544
836447,3523
836447,3902
836448,1581
836448,1502
836448,1572
836449,1897
836449,2034
836449,1417
836449,3521
836451,1635
836451,4685
836451,1565
836452,1564
836452,4684
836452,4572
836453,3523
836453,1418
836453,2031
836453,1495
836454,1497
836454,2818
836454,3523
836454,1419
836454,1471
836454,4899
836455,4896
836455,1470
836455,1420
836455,1581
836455,1502
836455,1572
836456,1542
836456,1418
836456,2031
836456,1897
836457,1573
836457,1501
836457,1580
836457,5310
836458,1542
836458,1418
836458,2031
836459,1603
836459,1497
836459,2818
836459,1534
836459,1418
836459,2031
836460,1897
836460,2034
836460,1417
836460,3521
836469,334
836469,3812
836469,4400
836469,2665
836469,4280
836469,1934
836469,4278
836469,4754
836469,4287
836470,4291
836470,4277
836470,1933
836470,4279
836470,2666
836470,4401
836470,3813
836470,335
836471,334
836471,3812
836471,4400
836471,2665
836471,4280
836471,1934
836471,4278
836473,4277
836473,1933
836473,4279
836473,2666
836473,4401
836473,3813
836473,335
836474,5289
836474,179
836476,5289
836476,179
836476,4387
836476,4490
836481,2274
836481,3415
836481,2828
836481,707
836481,613
836481,4652
836481,638
836481,700
836484,2816
836484,952
836484,1782
836484,4894
836484,3517
836489,638
836489,700
836491,815
836491,242
836491,5296
836491,2492
836493,815
836493,242
836493,5296
836504,3901
836504,315
836504,1782
836505,546
836505,4895
836505,554
836505,2880
836506,603
836506,1061
836506,2880
836507,4876
836507,4875
836507,4874
836507,4878
836507,1817
836507,2342
836507,1963
836507,2855
836508,815
836508,242
836508,5296
836513,1629
836513,4896
836513,1420
836513,1581
836513,1502
836513,2355
836514,2356
836514,1501
836514,1580
836514,1419
836514,4897
836514,1628
836515,1548
836515,1420
836516,1398
836516,1541
836516,1579
836516,1396
836516,1897
836518,1396
836518,1495
836519,1396
836519,2034
836519,1417
836519,3521
836519,1397
836520,1396
836520,2033
836520,1628
836521,3908
836521,1548
836521,4897
836522,1868
836523,1396
836523,4898
836523,1547
836523,3902
836525,3421
836525,728
836525,3244
836525,3720
836525,3656
836525,3669
836525,1702
836525,3706
836525,3709
836525,1081
836525,3672
836525,4422
836526,4423
836526,3671
836526,3065
836526,1082
836526,3710
836526,3707
836526,1703
836526,3670
836526,3683
836526,3720
836526,727
836526,3415
836528,1093
836528,4254
836528,4566
836528,3608
836528,4432
836528,3415
836528,2828
836528,707
836528,603
836529,3628
836529,4554
836529,3617
836529,3603
836529,3596
836529,3598
836529,4590
836529,2506
836529,3415
836529,2828
836529,707
836529,1819
836530,4254
836530,3617
836530,3603
836530,3596
836530,3598
836530,4590
836530,2506
836530,3415
836530,2828
836530,707
836530,1819
836531,3421
836531,728
836531,3244
836531,3656
836531,3668
836531,1979
836531,3669
836531,3706
836532,3421
836532,728
836532,3244
836532,3669
836532,1702
836532,3706
836532,3709
836532,1081
836532,3064
836532,3672
836532,4422
836533,3421
836533,728
836533,3720
836533,4596
836533,3668
836533,1979
836533,3669
836533,3706
836533,3709
836533,1081
836533,3064
836533,3672
836533,4422
836535,4423
836535,3671
836535,3065
836535,1082
836535,3707
836535,3668
836535,1979
836535,3670
836535,4597
836535,3720
836535,727
836535,3415
836536,4423
836536,3671
836536,3065
836536,1082
836536,3707
836536,3668
836536,1979
836536,3670
836536,4597
836536,727
836536,3415
836537,4423
836537,3671
836537,3065
836537,1082
836537,3710
836537,3707
836537,1703
836537,3670
836537,3683
836537,727
836537,3415
836538,4423
836538,3671
836538,3065
836538,1082
836538,3707
836538,3670
836538,4597
836538,3720
836538,4529
836538,727
836538,3415
836539,4423
836539,3671
836539,3065
836539,1082
836540,3720
836540,3245
836540,727
836540,3415
836541,565
836541,553
836541,1900
836541,1061
836541,554
836542,526
836542,538
836543,526
836543,538
836557,1573
836557,1501
836557,1580
836557,1544
836557,3523
836557,3902
836604,3421
836604,728
836604,4596
836604,3668
836604,1979
836604,3669
836604,3706
836604,3709
836604,1081
836604,3064
836604,3672
836604,4422
836607,575
836607,595
836608,575
836608,555
836608,4892
836609,576
836609,567
836610,582
836610,568
836610,575
836610,4892
836611,1160
836611,639
836611,3899
836611,1892
836611,604
836611,934
836611,568
836612,568
836612,1189
836612,935
836612,707
836612,613
836612,4652
836612,637
836612,644
836612,1329
836612,665
836613,575
836614,596
836614,575
836614,555
836614,4892
836615,575
836615,1034
836615,1701
836615,595
836616,596
836616,1034
836616,1701
836616,575
836616,555
836616,4892
836617,575
836617,555
836617,4892
836617,613
836618,596
836618,575
836618,555
836618,4892
836618,613
836620,582
836620,568
836620,575
836620,4892
836620,874
836620,613
836622,1160
836622,639
836622,3899
836622,1892
836622,604
836622,568
836622,1034
836622,1701
836623,1160
836623,639
836623,3899
836623,1892
836623,604
836623,934
836623,2117
836623,568
836624,1034
836624,1701
836624,568
836624,1189
836624,935
836624,707
836624,613
836624,4652
836624,637
836624,644
836624,1329
836624,665
836625,1034
836625,1701
836625,568
836625,2117
836625,1189
836625,935
836625,707
836625,613
836625,4652
836625,637
836625,644
836625,1329
836625,665
836626,568
836626,2117
836626,1189
836626,935
836626,707
836626,613
836626,4652
836626,637
836626,644
836626,1329
836626,665
836627,568
836628,568
836629,568
836629,1189
836629,935
836629,707
836629,613
836629,4652
836629,637
836629,644
836636,1233
836636,3105
836636,509
836636,3526
836636,841
836636,1176
836636,804
836636,576
836636,567
836640,666
836640,5296
836640,271
836640,281
836640,403
836640,378
836641,2342
836641,1963
836641,3182
836641,2861
836641,1149
836641,5297
836641,1142
836641,824
836643,2880
836643,553
836643,804
836643,637
836646,553
836646,4892
836646,1330
836646,3517
836646,508
836647,553
836647,4892
836653,707
836653,613
836655,637
836656,638
836657,638
836709,1015
836709,1705
836709,4201
836710,1704
836710,149
836710,912
836712,1015
836712,1705
836713,1015
836714,1015
836714,1705
836716,4248
836716,2040
836716,1015
836716,1705
836717,4248
836717,2040
836717,1015
836717,1705
836718,4248
836718,2040
836718,1015
836718,1705
836723,180
836723,5290
836724,4387
836724,180
836724,5290
836725,4387
836725,180
836725,5290
836726,180
836726,5290
836727,5288
836727,1791
836727,4634
836727,4478
836727,4465
836727,4746
836728,4492
836728,4429
836728,4479
836728,3235
836728,1865
836728,5274
836729,4288
836729,4300
836729,4754
836729,4285
836729,4283
836729,1217
836729,357
836729,2527
836731,637
836731,650
836731,965
836731,1330
836731,3517
836731,480
836733,788
836733,5154
836733,240
836733,1330
836733,3517
836733,508
836733,3107
836733,3892
836733,1249
836733,3134
836734,16
836734,198
836734,3547
836734,5297
836734,1151
836734,494
836734,3518
836734,3102
836734,509
836734,3526
836734,546
836734,613
836734,3895
836735,553
836735,4892
836735,1330
836735,3517
836735,508
836735,3103
836735,480
836735,2527
836738,1215
836738,481
836738,3104
836738,509
836738,3526
836738,5296
836738,3801
836739,3802
836739,5297
836739,3517
836739,508
836739,3103
836739,480
836739,2035
836740,180
836740,5297
836740,240
836740,814
836741,1230
836741,3415
836741,2828
836741,707
836741,1819
836741,1312
836741,2028
836741,1330
836741,3517
836741,508
836741,3107
836741,3514
836741,2816
836741,1154
836741,281
836742,575
836742,977
836742,2028
836742,1330
836742,3517
836742,3105
836742,927
836743,26
836743,5125
836743,3906
836743,319
836743,2855
836743,5296
836744,5297
836744,1151
836744,318
836744,3892
836744,27
836745,26
836745,5107
836745,3906
836745,319
836745,2855
836745,5296
836746,5297
836746,1306
836746,1151
836746,318
836746,3892
836746,1249
836746,27
836747,481
836747,3526
836747,814
836747,638
836749,650
836749,965
836749,1330
836749,3517
836749,480
836750,481
836750,3526
836750,814
836754,788
836754,5154
836754,240
836754,1330
836754,3517
836754,508
836754,3107
836754,3892
836754,1249
836754,3134
836761,2528
836761,481
836761,509
836761,3526
836761,547
836762,5288
836762,271
836762,281
836764,2880
836764,553
836764,4892
836764,1330
836764,3517
836764,508
836769,3802
836769,5297
836769,3517
836769,508
836769,3103
836769,480
836769,2035
836770,3802
836770,5297
836770,3517
836770,508
836770,3103
836770,480
836770,2035
836771,3802
836771,5297
836771,3517
836771,508
836772,480
836772,2035
836774,1215
836774,481
836775,2869
836775,5297
836775,240
836775,814
836776,180
836776,5297
836776,240
836776,814
836777,1230
836777,3415
836777,2828
836777,707
836777,1819
836777,1312
836777,2028
836777,1330
836777,3517
836777,508
836777,3107
836777,3514
836777,2816
836777,1154
836777,281
836778,575
836778,977
836778,2028
836778,1330
836778,3517
836778,3105
836782,3105
836782,927
836783,1151
836783,318
836783,3892
836783,27
836784,3892
836784,27
836785,26
836785,5125
836785,3906
836785,319
836785,2855
836785,5296
836786,26
836786,5125
836786,3906
836786,319
836788,26
836788,5125
836788,3906
836788,319
836789,3182
836789,2861
836789,1149
836789,1865
836789,5297
836789,1142
836789,824
836789,639
836790,3182
836790,2861
836790,1149
836790,5297
836790,1142
836790,824
836791,2528
836791,481
836792,638
836793,637
836794,1151
836794,318
836794,3892
836794,1249
836794,27
836795,26
836795,5107
836795,3906
836795,319
836795,2855
836795,5296
836796,26
836796,5107
836796,3906
836796,319
836797,2342
836797,1963
836797,3182
836797,2861
836797,1149
836797,5297
836797,1142
836797,824
836798,480
836798,347
836798,2666
836798,4401
836798,2010
836799,2011
836799,4400
836799,348
836799,1215
836799,481
836800,480
836800,2035
836800,350
836801,3807
836801,349
836801,1215
836801,481
836803,480
836803,347
836803,2666
836803,4401
836803,2010
836803,864
836804,1215
836804,481
836805,480
836805,2035
836805,350
836805,2010
836806,480
836806,2035
836806,350
836807,3134
836809,553
836809,4894
836809,5123
836809,3517
836809,480
836809,2527
836810,2330
836810,2528
836810,481
836810,3526
836810,4895
836810,554
836811,3893
836811,481
836811,3526
836811,4895
836811,554
836812,553
836812,4894
836812,5123
836812,3517
836812,480
836812,3894
836813,2330
836813,2528
836813,481
836813,3526
836813,4895
836813,554
836814,2528
836814,481
836814,3526
836814,4895
836817,2528
836817,481
836817,3526
836817,4895
836817,1795
836817,554
836819,553
836819,4894
836819,5123
836819,3517
836819,480
836819,3894
836821,4894
836821,5123
836821,3517
836821,480
836821,3894
836822,481
836822,3526
836822,814
836822,638
836825,480
836825,347
836825,2666
836825,4401
836825,2010
836827,115
836827,4803
836827,2482
836827,73
836827,1705
836828,1704
836830,148
836830,2714
836831,115
836831,4803
836831,2482
836831,73
836831,1705
836832,115
836832,4803
836832,2482
836832,73
836832,1705
836833,115
836833,4803
836833,2482
836833,73
836834,2482
836834,73
836834,1705
836835,2482
836835,73
836836,73
836838,83
836838,2482
836838,73
836838,3467
836838,2839
836838,3994
836839,3995
836839,2838
836839,3476
836839,74
836839,1025
836840,3995
836840,2838
836840,3476
836840,74
836840,1025
836841,3995
836841,2838
836841,3476
836841,74
836841,1025
836842,3995
836842,2838
836842,3476
836842,74
836842,1025
836843,1704
836843,2477
836843,4248
836849,2880
836849,553
836849,4892
836849,1330
836849,3517
836849,508
836849,3105
836849,3514
836849,242
836849,212
836849,129
836849,1251
836850,3008
836850,891
836850,1138
836850,211
836850,240
836850,3105
836850,509
836850,3526
836850,546
836850,4895
836850,554
836850,2880
836851,4570
836851,5296
836851,5278
836851,179
836851,3222
836851,188
836852,3221
836852,180
836852,5297
836852,4571
836852,869
836853,3008
836853,891
836853,1138
836853,3412
836853,211
836853,240
836853,3518
836858,3008
836858,891
836858,1138
836858,211
836858,240
836858,3518
836862,3415
836862,2828
836862,707
836862,606
836862,603
836862,1900
836862,4892
836862,1289
836862,2029
836862,1313
836862,637
836862,668
836869,2342
836869,3781
836869,2861
836869,1149
836869,5274
836869,5289
836869,179
836869,3076
836870,3077
836870,180
836870,5290
836870,5297
836871,3077
836871,180
836871,5290
836871,5288
836871,271
836871,281
836871,378
836873,3077
836873,180
836873,5290
836873,5288
836873,271
836873,281
836873,378
836876,1153
836876,2342
836876,2861
836876,1149
836876,5274
836876,5289
836876,179
836876,3076
836877,3077
836877,180
836877,5290
836877,5288
836877,271
836877,281
836877,3782
836877,378
836877,1153
836878,3077
836878,180
836878,5290
836878,5288
836878,271
836878,281
836878,378
836878,1153
836879,1153
836879,2342
836879,3781
836879,2861
836879,1149
836879,5274
836879,5289
836879,179
836879,3076
836880,1153
836880,2342
836880,2861
836880,1149
836880,5274
836880,5289
836880,179
836880,3076
836881,5296
836881,5289
836881,179
836881,3076
836883,2276
836883,3415
837059,1680
837059,1578
837059,1544
837059,1397
837060,1868
837080,1897
837081,2861
837081,1149
837081,5274
837081,5289
837081,179
837081,3076
837083,3221
837083,180
837083,5297
837083,4571
837083,869
837085,977
837085,818
837085,4381
837086,977
837086,818
837086,4381
837087,977
837087,1871
837087,1782
837088,4570
837088,5296
837088,5278
837088,179
837088,3222
837088,188
837102,2011
837102,4827
837102,4389
837102,2665
837102,348
837102,481
837102,509
837103,4747
837103,4429
837103,4479
837103,3235
837103,1865
837103,5274
837104,1782
837104,638
837104,3124
837105,3123
837105,636
837106,4647
837106,636
837106,3536
837106,4699
837107,1782
837107,638
837107,3124
837107,4439
837108,4728
837108,4521
837108,3123
837108,636
837109,1782
837109,638
837109,3124
837109,4439
837110,4521
837110,3123
837110,636
837111,1396
837111,1750
837114,1548
837114,1420
837114,1581
837114,1502
837114,1572
837116,1542
837116,3523
837116,1548
837116,4899
837117,1548
837117,1420
837117,3521
837117,1541
837122,1396
837122,2034
837122,1417
837122,3521
837122,1397
837125,1897
837125,2034
837125,1417
837125,1543
837128,1680
837128,1578
837128,1544
837128,1397
837129,1396
837129,4898
837129,1547
837129,3902
837132,2356
837132,5180
837132,1595
837132,2033
837132,1750
837133,1407
837133,1532
837133,2818
837133,4684
837133,1679
837133,1502
837133,1572
837134,1897
837134,2034
837134,1417
837134,3521
837134,1541
837134,4684
837134,4572
837136,1868
837140,4896
837140,1470
837140,1420
837140,3521
837144,4250
837144,1581
837144,1502
837144,1572
837145,1581
837145,1502
837145,1572
837146,1548
837146,1420
837146,1581
837146,1502
837146,1572
837153,1531
837154,4250
837154,1543
837158,3522
837158,1419
837158,1547
837158,2536
837159,4250
837159,1419
837159,1547
837159,2536
837163,1396
837163,1897
837172,1680
837172,4250
837172,1614
837172,2817
837174,2820
837174,5310
837174,1868
837177,3902
837179,1398
837179,3522
837179,1418
837179,2031
837179,1868
837184,1396
837184,2033
837184,1628
837185,1398
837185,3522
837185,1418
837185,2033
837185,1628
837190,4250
837190,1581
837190,1502
837190,1572
837191,3522
837191,1581
837191,1502
837191,1572
837193,2033
837193,1472
837193,4899
837215,1628
837217,3523
837217,1419
837217,4897
837217,1628
837228,1531
837228,1408
837228,1542
837228,1579
837243,1603
837243,1497
837243,2818
837244,2820
837244,1496
837244,1604
837245,1397
837245,3907
837249,1532
837249,2818
837249,4684
837249,1679
837249,1502
837249,1572
837251,2820
837251,4684
837251,1679
837251,1502
837251,1572
837252,2818
837252,4684
837252,1679
837252,1502
837252,1572
837254,1531
837256,1397
837256,3907
837257,3902
837273,1897
837273,2032
837273,4250
837273,2817
837274,1629
837274,2034
837274,1417
837274,1533
837274,2817
837274,1496
837274,1604
837275,1548
837275,1420
837275,1533
837277,1532
837278,1542
837278,1579
837278,2031
837279,1396
837279,1897
837280,1897
837280,2032
837280,4250
837280,2817
837281,2032
837281,4250
837281,2817
837282,1680
837282,4250
837282,1614
837282,2817
837282,1496
837282,1604
837283,1629
837283,1433
837283,2034
837283,1417
837283,3521
837283,1397
837284,1573
837284,1501
837284,1580
837284,1616
837285,1897
837285,2034
837285,1417
837285,3383
837285,1543
837286,1897
837287,1897
837288,2034
837288,1417
837288,3383
837288,1543
837289,1629
837290,2356
837290,1501
837290,1580
837291,1581
837291,1502
837291,2355
837292,1629
837292,4896
837292,1420
837292,1581
837292,4572
837294,4573
837294,1580
837294,2742
837295,1581
837295,4572
837297,1680
837297,1578
837297,1544
837297,1397
837299,1396
837299,4898
837299,1547
837300,1548
837300,4897
837300,1868
837301,1629
837301,2031
837302,1407
837302,1532
837303,1531
837303,1408
837304,1635
837304,4685
837304,1544
837304,3523
837304,1418
837304,2031
837304,1897
837316,3514
837316,508
837316,480
837316,347
837316,2666
837316,4389
837316,4825
837316,2010
837316,4738
837319,539
837319,4664
837319,838
837320,3008
837320,891
837320,1138
837320,3412
837320,211
837320,240
837320,3518
837320,3104
837320,509
837320,3526
837320,546
837320,27
837321,26
837321,1330
837321,3517
837321,508
837321,3104
837321,3514
837321,242
837321,212
837321,2579
837321,3416
837321,1251
837321,2999
837324,3933
837324,2863
837324,316
837324,2816
837324,613
837324,3895
837325,3415
837325,2828
837325,1819
837325,1330
837325,3517
837326,647
837326,639
837326,3899
837326,1248
837326,708
837326,711
837326,3421
837326,2305
837327,1151
837327,318
837327,3892
837327,27
837328,5296
837328,271
837329,2899
837329,55
837329,1945
837329,2274
837329,2304
837329,3415
837329,2828
837329,707
837329,603
837329,4892
837329,1330
837329,3517
837329,508
837331,3421
837331,2273
837331,2305
837331,1945
837331,2871
837332,3008
837332,891
837332,1138
837332,3412
837332,211
837332,240
837332,3518
837333,509
837333,3526
837333,546
837333,27
837334,3514
837334,242
837334,212
837334,2579
837334,3416
837334,1251
837334,2999
837335,26
837335,1330
837335,3517
837335,508
837338,952
837339,509
837339,3526
837339,546
837339,613
837339,3895
837340,16
837340,198
837340,3547
837340,5297
837340,1151
837340,494
837340,3518
837340,3102
837341,509
837341,3526
837341,546
837341,613
837341,637
837344,604
837344,708
837344,711
837344,3421
837344,2305
837344,2871
837345,3421
837347,2899
837347,3422
837348,788
837348,5154
837348,240
837349,2274
837349,3415
837349,2828
837349,603
837349,4892
837349,1330
837349,2815
837352,3526
837352,546
837352,1248
837352,711
837352,3420
837354,1176
837354,1178
837354,1248
837354,708
837354,711
837354,3421
837354,2305
837354,728
837355,788
837355,3412
837355,3547
837355,5297
837355,1151
837355,305
837355,3891
837355,1002
837356,638
837357,637
837360,2274
837360,3415
837360,2828
837360,707
837360,613
837360,4652
837360,638
837362,2172
837362,675
837362,5108
837363,4894
837363,3517
837363,3573
837365,5278
837365,179
837365,3222
837365,188
837368,3077
837368,180
837368,5290
837368,5288
837368,271
837368,281
837368,3782
837368,378
837369,2276
837369,3415
837370,2935
837370,2506
837370,3422
837370,2013
837370,761
837371,3077
837371,180
837371,5290
837371,5288
837371,271
837371,281
837371,378
837372,2342
837372,2861
837372,1149
837372,5274
837372,5289
837372,179
837372,3076
837374,568
837374,1189
837374,935
837374,707
837374,613
837374,4652
837374,637
837374,644
837375,526
837375,538
837375,3272
837376,554
837377,5297
837378,760
837378,1230
837378,2711
837378,3419
837378,2375
837380,1819
837381,1163
837381,666
