variant_id,is_main,equiv_main_variant_id,join_stop_id,disjoin_stop_id
805593,0,826017,,
809456,0,826017,,
813989,1,,,
813990,1,,,
817725,1,,,
817726,0,,,
817727,0,,,
819314,0,832947,,
819332,0,832947,,
819411,0,826017,,
819451,0,826017,,
821409,0,,,
822075,1,,,
823809,0,,,
824134,0,832947,,
824704,1,,,
824706,0,,,
825608,0,,,
825610,0,,,
826015,1,,,
826017,1,,,
826027,0,,,
826155,0,,,
826263,0,832947,,
826266,0,,,
826276,0,832947,,
826277,0,832947,,
826280,0,826017,,
826281,0,826017,,
826312,0,832947,,
826342,0,,,
826357,0,,,
826439,0,826017,,
826449,0,832947,,
826536,0,832947,,
826585,0,,,
826657,0,832947,,
826687,0,,,
826907,0,826017,,
827212,0,,,
827213,0,,,
827774,0,826017,,
827792,1,,,
827793,1,,,
827796,1,,,
827797,1,,,
827833,0,,,
827837,0,826017,,
827861,0,826017,,
827866,0,,,
827885,0,,,
828289,0,,,
828290,0,,,
828295,0,,,
828296,0,,,
828297,0,,,
828298,0,,,
828300,0,,,
828301,0,,,
828367,0,,,
828446,0,826017,,
828447,0,,,
828508,0,826017,,
828511,0,832947,,
828663,0,,,
828723,1,,,
828833,1,,,
828835,1,,,
828839,1,,,
828886,0,,,
828888,0,,,
828889,0,,,
828890,0,,,
828895,0,,,
828896,0,,,
828897,0,,,
828898,0,,,
828899,0,,,
828903,0,,,
828905,0,,,
828906,0,,,
828929,0,,,
828931,0,,,
828934,0,,,
828938,0,,,
828939,0,,,
828948,0,,,
829014,1,,,
829023,0,826017,,
829027,0,,,
829028,0,832947,,
829035,0,826017,,
829036,0,,,
829042,0,832947,,
829043,0,826017,,
829046,0,,,
829050,0,,,
829051,0,826017,,
829053,0,,,
829061,0,832947,,
829067,1,,,
829069,0,,,
829073,0,,,
829078,1,,,
829079,1,,,
829080,1,,,
829081,1,,,
829098,0,,,
829100,0,,,
829101,0,,,
829103,0,,,
829104,0,,,
829106,0,,,
829107,0,,,
829108,0,,,
829109,0,,,
829110,0,,,
829111,0,,,
829115,0,,,
829116,0,,,
829117,0,,,
829119,0,,,
829122,0,,,
829179,1,,,
829184,0,,,
829190,1,,,
829191,1,,,
829200,0,,,
829244,0,,,
829245,0,,,
829247,0,,,
829330,0,832947,,
829331,0,832947,,
829340,0,832947,,
829350,0,826017,,
829351,0,826017,,
829356,0,,,
829357,0,,,
829359,0,,,
829361,0,,,
829370,0,832947,,
829378,0,826017,,
829419,0,832947,,
829492,1,,,
829512,0,,,
829539,0,832947,,
829559,0,,,
829711,0,,,
829713,0,,,
829752,1,,,
829762,1,,,
829765,1,,,
829773,1,,,
829805,0,832947,,
829828,0,,,
829864,0,,,
829869,0,,,
829871,0,,,
829876,0,,,
829879,0,,,
829903,0,,,
829928,0,,,
829942,0,,,
829943,0,,,
829968,1,,,
829970,1,,,
830170,1,,,
830174,1,,,
830202,0,826017,,
830208,0,826017,,
830209,0,826017,,
830268,0,,,
830269,0,826017,,
830270,0,826017,,
830285,0,826017,,
830292,0,,,
830336,1,,,
830345,0,832947,,
830361,0,826017,,
830370,0,832947,,
830446,1,,,
830447,1,,,
830462,0,,,
830542,0,,,
830543,0,,,
830592,0,832947,,
830704,0,,,
830706,0,,,
830734,0,832947,,
830736,0,832947,,
830737,0,832947,,
830741,0,826017,,
830781,0,,,
830782,0,,,
830784,0,,,
830926,1,,,
830950,0,,,
830954,0,832947,,
830971,0,,,
830996,0,832947,,
831014,0,,,
831016,0,,,
831070,1,,,
831151,0,,,
831155,1,,,
831176,0,,,
831202,0,,,
831272,1,,,
831273,1,,,
831292,0,,,
831296,0,,,
831298,0,,,
831334,1,,,
831463,0,,,
831655,0,,,
831657,0,,,
831856,0,,,
831967,0,,,
831969,0,,,
831970,0,826017,,
831973,0,832947,,
831997,0,,,
832054,1,,,
832090,1,,,
832229,0,,,
832230,0,,,
832247,0,,,
832521,1,,,
832533,0,,,
832537,0,,,
832941,1,,,
832943,0,,,
832945,0,,,
832947,1,,,
832986,0,826017,,
832988,0,,,
832989,0,,,
833000,0,826017,,
833035,0,,,
833057,0,,,
833077,1,,,
833078,1,,,
833081,1,,,
833102,1,,,
833128,0,,,
833193,0,,,
833368,1,,,
833395,0,,,
833434,1,,,
833435,1,,,
833441,1,,,
833442,1,,,
833443,1,,,
833451,1,,,
833466,0,,,
833474,0,,,
833475,0,,,
833476,0,832947,,
833486,0,,,
833487,0,,,
833489,0,,,
833502,0,826017,,
833523,0,826017,,
833543,1,,,
833553,0,832947,,
833568,1,,,
833625,0,826017,,
833770,0,,,
833771,0,,,
833888,0,,,
833965,1,,,
834051,0,,,
834056,0,,,
834058,0,,,
834323,1,,,
834326,1,,,
834333,0,,,
834336,0,,,
834375,0,,,
834383,0,,,
834414,1,,,
834420,1,,,
834421,1,,,
834422,1,,,
834426,1,,,
834436,0,,,
834438,0,,,
834445,0,826017,,
834461,0,826017,,
834462,0,,,
834463,0,826017,,
834464,0,826017,,
834468,0,826017,,
834472,0,826017,,
834473,0,,,
834474,0,832947,,
834475,0,832947,,
834477,0,826017,,
834485,1,,,
834486,1,,,
834487,1,,,
834488,1,,,
834497,0,,,
834499,0,826017,,
834501,0,832947,,
834503,0,826017,,
834504,0,,,
834506,0,,,
834507,0,832947,,
834508,0,832947,,
834514,0,,,
834515,0,,,
834717,0,,,
834765,1,,,
834771,0,,,
834789,0,,,
834816,0,,,
834822,0,,,
834834,0,,,
834853,1,,,
834906,1,,,
834915,0,,,
834916,0,,,
834917,0,,,
834918,0,,,
834968,1,,,
834969,1,,,
834970,1,,,
834971,0,,,
834972,0,,,
834973,0,,,
834974,0,,,
834975,0,,,
834982,0,,,
834987,0,,,
834991,0,,,
835002,0,,,
835003,0,,,
835005,0,,,
835006,0,,,
835007,0,,,
835026,1,,,
835056,0,,,
835089,0,,,
835119,0,826017,,
835120,0,,,
835203,1,,,
835205,0,,,
835208,0,,,
835209,0,,,
835210,0,,,
835211,0,,,
835214,0,,,
835215,0,,,
835237,1,,,
835242,0,,,
835243,0,,,
835251,0,,,
835252,1,,,
835253,1,,,
835260,1,,,
835261,1,,,
835262,1,,,
835263,1,,,
835266,1,,,
835267,1,,,
835269,1,,,
835271,1,,,
835272,1,,,
835276,1,,,
835277,1,,,
835278,1,,,
835279,1,,,
835280,1,,,
835281,1,,,
835282,1,,,
835283,1,,,
835284,1,,,
835289,1,,,
835290,1,,,
835291,1,,,
835292,1,,,
835296,1,,,
835297,1,,,
835298,1,,,
835299,1,,,
835300,1,,,
835301,1,,,
835302,1,,,
835303,1,,,
835306,1,,,
835316,0,,,
835318,0,,,
835329,0,826017,,
835330,0,832947,,
835331,0,832947,,
835332,0,826017,,
835333,0,,,
835335,0,832947,,
835336,0,826017,,
835337,0,832947,,
835338,0,832947,,
835339,0,826017,,
835340,0,,,
835341,0,,,
835342,0,832947,,
835343,0,826017,,
835344,0,,,
835345,0,,,
835347,0,,,
835348,0,832947,,
835353,0,,,
835361,0,832947,,
835362,0,832947,,
835363,0,832947,,
835364,0,832947,,
835367,0,832947,,
835369,0,826017,,
835370,0,826017,,
835371,0,832947,,
835372,0,832947,,
835373,0,826017,,
835376,0,826017,,
835377,0,,,
835379,0,,,
835380,0,,,
835381,0,832947,,
835385,0,832947,,
835386,0,826017,,
835387,0,826017,,
835390,0,832947,,
835391,0,,,
835392,0,,,
835393,0,,,
835394,0,,,
835397,0,826017,,
835404,0,832947,,
835406,0,,,
835407,0,,,
835408,0,832947,,
835409,0,826017,,
835410,0,826017,,
835411,0,826017,,
835412,0,832947,,
835415,0,826017,,
835417,0,832947,,
835418,0,832947,,
835419,0,832947,,
835420,0,,,
835423,0,,,
835424,0,826017,,
835425,0,,,
835426,0,826017,,
835427,0,832947,,
835430,0,832947,,
835431,0,826017,,
835433,0,,,
835434,0,,,
835435,0,,,
835436,0,,,
835438,0,826017,,
835440,0,826017,,
835441,0,832947,,
835442,0,,,
835443,0,832947,,
835444,0,826017,,
835445,0,,,
835448,0,832947,,
835449,0,832947,,
835450,0,826017,,
835452,0,,,
835457,0,832947,,
835459,0,832947,,
835460,0,826017,,
835461,0,826017,,
835462,0,826017,,
835463,0,832947,,
835464,0,832947,,
835468,0,,,
835473,0,,,
835474,0,832947,,898
835475,0,826017,281,
835476,0,826017,281,
835477,0,,,
835480,0,,,
835481,0,832947,,
835482,0,826017,,
835483,0,,,
835491,0,832947,,
835494,0,826017,,
835495,0,832947,,
835496,0,832947,,
835498,0,,,
835499,0,,,
835501,0,,,
835502,0,,,
835503,0,,,
835504,0,,,
835506,0,832947,,
835507,0,826017,,
835508,0,826017,,
835509,0,826017,,
835513,0,832947,,
835515,0,,,
835521,0,826017,,
835525,0,,,
835526,0,826017,,
835527,0,832947,,
835529,0,826017,,
835530,0,826017,,
835535,0,826017,,
835539,0,826017,,
835540,0,826017,,
835542,0,,,
835546,1,826017,,
835552,0,832947,,
835556,0,,,
835557,0,826017,,
835569,1,,,
835588,0,,,
835589,0,,,
835611,1,,,
835623,1,,,
835626,1,,,
835627,1,,,
835630,1,,,
835631,1,,,
835641,0,826017,,
835679,0,826017,,
835681,0,832947,,
835682,0,826017,,
835847,1,,,
835850,0,826017,,
835859,1,,,
835860,1,,,
835861,0,,,
835862,0,,,
835863,0,,,
835864,0,,,
835868,0,,,
835869,1,,,
835872,1,,,
835878,1,,,
835881,1,,,
835890,0,,,
835899,0,,,
835900,0,832947,,
835908,0,826017,,
835916,0,,,
835917,0,832947,,
835922,0,832947,,
835925,0,,,
835926,0,832947,,
835929,0,,,
835934,0,826017,,
835937,1,,,
835939,1,,,
835940,1,,,
835942,1,,,
835943,1,,,
835944,0,,,
835945,0,826017,281,
835947,0,832947,,
835948,0,,,
835949,0,832947,,
835954,0,826017,,
835956,0,826017,,
835960,0,,,
835961,0,,,
835967,0,,,
835968,0,826017,,
835970,0,832947,,
835986,1,,,
835987,0,,,
835988,0,,,
835989,0,,,
835990,0,,,
835991,0,,,
835994,0,,,
835995,0,,,
835996,0,,,
836003,1,,,
836007,0,826017,,
836019,0,832947,,
836020,0,826017,,
836021,0,832947,,
836022,0,,,
836024,0,,,
836025,0,832947,,
836026,0,832947,,
836027,0,,,
836029,0,826017,,
836030,0,832947,,
836031,0,832947,,
836032,0,826017,,
836033,0,832947,,
836034,0,826017,,
836035,0,832947,,
836036,0,826017,,
836041,0,826017,,
836042,0,,,
836045,0,826017,,
836058,0,832947,,
836064,1,,,
836065,1,,,
836066,1,,,
836263,1,,,
836264,0,,,
836265,1,,,
836266,1,,,
836271,1,,,
836272,1,,,
836273,1,,,
836275,1,,,
836276,1,,,
836281,1,,,
836282,1,,,
836283,0,,,
836286,0,826017,,
836287,0,826017,,
836288,0,832947,,
836289,0,,,
836290,0,,,
836291,0,,,
836294,0,,,
836295,0,,,
836296,0,,,
836299,0,,,
836301,0,,,
836318,0,,,
836320,0,,,
836322,1,,,
836326,1,,,
836327,1,,,
836330,1,,,
836331,1,,,
836332,1,,,
836334,1,,,
836337,1,,,
836338,1,,,
836339,1,,,
836341,1,,,
836342,1,,,
836343,0,832947,,
836344,0,826017,,
836345,0,832947,,
836347,0,832947,,
836348,0,826017,,
836349,0,826017,,
836350,0,832947,,
836353,0,832947,,
836354,0,826017,,
836355,0,832947,,
836356,0,826017,,
836357,0,826017,,
836358,0,832947,,
836359,0,832947,,
836360,0,832947,,
836361,0,832947,,
836362,0,832947,,
836363,0,826017,,
836364,0,826017,,
836366,0,832947,,
836367,0,832947,,
836368,0,,,
836369,0,826017,,
836370,0,826017,,
836372,0,,,
836374,0,826017,,
836376,0,832947,,
836378,0,832947,,
836379,0,832947,,
836380,0,826017,,
836383,0,826017,,
836384,0,832947,,
836386,0,832947,,
836387,0,826017,,
836388,0,832947,,
836389,0,832947,,
836390,0,826017,,
836391,0,832947,,
836392,0,826017,,
836393,0,832947,,
836396,0,,,
836397,0,832947,,
836399,0,826017,,
836401,0,826017,,
836402,0,832947,,
836403,0,826017,,
836404,0,,,
836405,0,826017,,
836406,0,832947,,
836407,0,826017,,
836409,0,832947,,
836410,0,832947,,
836412,0,832947,,
836413,0,826017,,
836414,0,826017,,
836415,0,832947,,
836419,0,832947,,
836420,0,826017,,
836422,0,826017,,
836423,0,832947,,
836424,0,826017,,
836425,0,832947,,
836426,0,826017,,
836428,0,826017,,
836429,0,832947,,
836430,0,826017,,
836431,0,832947,,
836432,0,826017,,
836433,0,826017,,
836434,0,826017,,
836437,0,832947,,
836438,0,826017,,
836440,0,826017,,
836441,0,832947,,
836442,0,832947,,
836443,0,826017,,
836444,0,826017,,
836446,0,826017,,
836447,0,832947,,
836448,0,826017,,
836449,0,832947,,
836451,0,826017,,
836452,0,832947,,
836453,0,826017,,
836454,1,,,
836455,1,,,
836456,1,,,
836457,0,826017,,
836458,0,832947,,
836459,0,826017,,
836460,0,832947,,
836469,1,,,
836470,1,,,
836471,0,,,
836473,0,,,
836474,1,,,
836476,0,,,
836481,1,,,
836484,1,,,
836489,0,826017,,
836491,0,,,
836493,0,832947,,
836499,0,832947,,
836504,0,832947,,
836505,0,,,
836506,0,,,
836507,0,,,
836508,1,,,
836513,1,,,
836514,1,,,
836515,0,832947,,
836516,0,,,
836518,0,,,
836519,0,832947,,
836520,0,826017,,
836521,0,826017,,
836522,0,826017,,
836523,0,832947,,
836525,1,,,
836526,1,,,
836528,0,,,
836529,0,,,
836530,0,,,
836531,0,,,
836532,0,,,
836533,0,,,
836535,0,,,
836536,0,,,
836537,0,,,
836538,0,,,
836539,0,,,
836540,0,,,
836541,1,,,
836542,1,,,
836543,0,,,
836557,1,,,
836604,0,,,
836607,1,,,
836608,1,,,
836609,1,,,
836610,1,,,
836611,1,,,
836612,1,,,
836613,0,,,
836614,0,,,
836615,0,,,
836616,0,,,
836617,0,826017,,
836618,0,826017,,
836620,0,826017,,
836622,0,,,
836623,0,,,
836624,0,,,
836625,0,,,
836626,0,,,
836627,0,,,
836628,0,,,
836629,0,826017,,
836636,1,,,
836640,1,,,
836641,1,,,
836643,0,832947,,
836646,0,,,
836647,0,832947,,
836650,0,,,
836653,0,826017,,
836655,0,832947,,
836656,0,826017,,
836657,0,,,
836661,0,832947,,
836663,0,826017,,
836709,1,,,
836710,0,,,
836712,0,,,
836713,0,,,
836714,0,,,
836716,1,,,
836717,0,,,
836718,0,,,
836723,1,,,
836724,0,,,
836725,0,,,
836726,0,,,
836727,0,,,
836728,0,,,
836729,1,,,
836730,0,832947,,
836731,1,,,
836733,1,,,
836734,1,,,
836735,1,,,
836738,1,,,
836739,1,,,
836740,1,,,
836741,1,,,
836742,1,,,
836743,1,,,
836744,1,,,
836745,1,,,
836746,1,,,
836747,0,,,
836749,0,832947,,
836750,0,826017,,
836754,0,,,
836761,0,826017,,
836762,0,,,
836764,0,,,
836769,0,,,
836770,0,,,
836771,0,,,
836772,0,,,
836773,0,826017,,
836774,0,,,
836775,0,,,
836776,0,826017,,
836777,0,,,
836778,0,,,
836782,0,,,
836783,0,826017,,
836784,0,,,
836785,0,,,
836786,0,832947,,
836788,0,,,
836789,0,,,
836790,0,826017,,
836791,0,,,
836792,0,826017,,
836793,0,832947,,
836794,0,826017,,
836795,0,,,
836796,0,832947,,
836797,0,,,
836798,1,,,
836799,1,,,
836800,1,,,
836801,1,,,
836803,0,,,
836804,0,,,
836805,0,,,
836806,0,,,
836807,0,,,
836809,1,,,
836810,1,,,
836811,1,,,
836812,1,,,
836813,0,,,
836814,0,,,
836817,0,,,
836819,0,,,
836821,0,,,
836822,1,,,
836825,0,,,
836827,1,,,
836828,1,,,
836830,0,,,
836831,0,,,
836832,0,,,
836833,0,,,
836834,0,,,
836835,0,,,
836836,0,,,
836838,0,,,
836839,0,,,
836840,0,,,
836841,0,,,
836842,0,,,
836843,1,,,
836849,1,,,
836850,1,,,
836851,1,,,
836852,1,,,
836853,0,,,
836858,0,,,
836862,0,826017,,
836869,1,,,
836870,0,832947,,
836871,0,,,
836873,0,,,
836876,0,,,
836877,0,,,
836878,0,,,
836879,0,,,
836880,0,,,
836881,0,826017,,
836883,0,,,
837059,0,832947,,
837060,0,826017,,
837080,0,826017,,
837081,0,,,
837083,1,,,
837085,1,,,
837086,0,,,
837087,0,832947,,
837088,1,,,
837102,1,,,
837103,0,,,
837104,1,,,
837105,1,,,
837106,1,,,
837107,0,,,
837108,0,,,
837109,0,,,
837110,0,,,
837111,1,,,
837114,1,,,
837116,1,,,
837117,1,,,
837122,1,,,
837125,1,,,
837128,1,,,
837129,1,,,
837132,1,,,
837133,1,,,
837134,1,,,
837136,0,832947,,
837140,0,832947,,
837144,0,832947,,
837145,0,832947,,
837146,0,832947,,
837153,0,826017,,
837154,0,826017,,
837158,0,826017,,
837159,0,826017,,
837163,0,,,
837172,0,832947,,
837174,0,826017,,
837177,0,832947,,
837179,0,826017,,
837184,0,826017,,
837185,0,826017,,
837190,0,832947,,
837191,0,832947,,
837193,0,826017,,
837215,0,826017,,
837217,0,826017,,
837228,0,826017,,
837230,0,832947,,
837243,0,826017,,
837244,0,832947,,
837245,0,832947,,
837249,0,,,
837251,0,832947,,
837252,0,832947,,
837254,0,826017,,
837256,0,832947,,
837257,0,832947,,
837273,1,,,
837274,1,,,
837275,0,832947,,
837277,0,832947,,
837278,0,832947,,
837279,0,,,
837280,0,832947,,
837281,0,832947,,
837282,0,832947,,
837283,0,832947,,
837284,0,826017,,
837285,0,,,
837286,0,826017,,
837287,0,832947,,
837288,0,826017,,
837289,0,832947,,
837290,0,826017,,
837291,0,832947,,
837292,0,,,
837293,0,832947,,
837294,0,826017,,
837295,0,832947,,
837297,0,832947,,
837298,0,826017,,
837299,0,832947,,
837300,0,826017,,
837301,0,832947,,
837302,0,832947,,
837303,0,826017,,
837304,0,,,
837316,1,,,
837319,1,,,
837320,1,,,
837321,1,,,
837324,1,,,
837325,1,,,
837326,1,,,
837327,0,,,
837328,0,,,
837329,0,,,
837331,0,,,
837332,0,,,
837333,0,,,
837334,0,,,
837335,0,,,
837338,0,832947,,
837339,0,,,
837340,0,,,
837341,0,826017,,
837344,0,832947,,
837345,0,,,
837346,0,826017,,
837347,0,,,
837348,0,,,
837349,0,,,
837350,0,,,
837352,0,,,
837354,0,826017,,
837355,0,,,
837356,0,826017,,
837357,0,832947,,
837358,0,826017,,
837359,0,826017,,
837360,0,826017,,
837362,0,832947,,
837363,0,,,
837364,0,,,
837365,0,,,
837368,1,,,
837369,1,,,
837370,1,,,
837371,0,,,
837372,0,,,
837374,0,826017,,
837375,0,,,
837376,0,,,
837377,0,826017,,
837378,0,,,
837380,0,826017,,
837381,1,,,
